01074795
02071045
03018575
04010242
05005180
06004782
07003254
08006251
09007906
10008832
11002861
12014404
13007050
14010608
15013676
16012294
17014172
18019602
19014332
21019327
22012408
23008993
24008612
25018355
26019107
27008971
28035095
29032394
30016881
31010422
32007915
33012140
34016423
35012751
36004326
37017839
38013235
39010354
40020588
41012617
42013963
43009768
44010925
45005501
46008747
47010956
48027698
49013389
50013146
51015842
52011281
53013786
54012522
55010496
56011345
57010311
58007872
59008761
60005362
61009350
62005320
63006293
64005743
