01079236
02074718
03018586
None
05005639
06004622
07003316
08006379
09008028
10008820
11002871
12015249
13007418
14011689
15013851
16012221
17014600
18019350
19014664
21019652
22012826
23009218
24008602
25018695
26019735
27009247
28034923
29031200
30015356
31010734
32007993
33012576
34016511
35012426
36004317
37016929
38013384
39010117
40014029
41013142
42013527
43009815
44011416
45005757
46008564
47010922
48028371
49013876
50013418
51015263
52011480
53014313
54012462
55010672
56011338
57010237
58007900
59008545
60005602
61009658
62005638
63006231
64005822
