01006539
01017006
01078407
01001670
01079013
01007622
01075681
01076853
01078328
01079127
01000012
01013531
01018323
01067549
01076600
01015629
01032157
01000888
01076106
01001970
01006623
01077390
01004041
01059517
01073871
01075632
01076651
01029767
01076061
01078433
01001788
01015480
01072723
01031544
01075491
01000003
01043646
01044542
01074751
01006840
01018513
01075927
01075931
01001626
01074094
01075546
01078605
01014858
01063683
01072881
01076022
01077118
01079153
01012221
01053745
01077071
01078469
01008857
01015099
01033117
01076976
01075869
01079122
01075844
01078791
01078816
01006989
01076585
01077095
01078441
01079059
01068895
01072431
01076079
01078699
01000007
01074039
01075504
01076907
01078087
01075704
01075614
01076456
01002697
01003982
01045439
01077716
01009744
01019412
01020397
01040024
01075888
01076515
01076098
01076521
01077604
01015864
01017257
01074182
01076505
01015326
01075076
01075944
01076340
01077902
01078785
01079490
01074274
01078925
01059324
01078296
01078985
01079097
01079428
01075604
01078446
01000002
01078654
01075687
01078201
01075090
01076011
01076033
01076697
01077519
01078705
01078723
01017436
01059770
01076489
01078678
01079058
01045617
01075772
01078762
01000912
01006960
01017099
01061146
01075940
01077316
01079279
01000001
01078602
01004290
01006995
01015370
01020254
01052307
01075815
01078434
01078731
01020879
01075660
01076176
01076642
01077683
01000009
01000010
01024267
01063924
01078340
01074347
01075377
01075669
01075864
01076241
01078431
01079123
01012401
01076621
01076963
01078716
01004894
01076937
01079077
01006665
01012209
01014028
01037645
01048135
01049890
01053769
01076006
01076307
01076503
01076930
01006940
01071388
01076337
01076411
01078471
01078673
01040429
01073338
01074787
01075609
01010034
01052210
01075728
01075793
01076792
01079255
01078525
01078683
01078926
01000196
01014674
01079580
01000008
01006648
01053058
01078807
01042794
01050648
01076116
01076336
01075851
01076035
01076058
01000004
01076085
01076228
01079324
01018307
01042893
01055495
01065791
01076766
01070195
01075530
01076420
01078128
01079209
01008138
01076379
01076903
01078338
01000013
01003434
01018079
01074271
01075720
01075999
01077782
01078396
01000016
01064248
01075730
01075781
01075872
01000006
01007071
01033150
01039693
01040250
01063461
01073112
01073183
01076665
01076883
01078594
01002535
01009007
01074081
01076132
01076523
01076529
01077113
01078422
01078744
01013330
01078662
01015140
01059848
01077896
01053358
01073891
01078596
01078903
01010095
01011998
01014119
01026397
01037694
01071202
01075607
01075953
01076810
01077055
01078640
01079442
01007050
01075735
01076146
01076742
01076819
01079190
01001806
01075816
01078966
01006644
01012781
01018190
01061724
01065475
01074070
01076043
01076309
01079045
01018284
01076036
01077821
01004720
01040198
01075757
01079118
01074491
01000153
01042437
01076114
01078755
01018320
01027051
01075846
01003311
01006598
01024501
01033696
01078472
01000005
01006907
01075766
01075988
01076997
01077601
01011969
01052603
01061662
01079526
01009614
01012004
01013971
01015008
01073771
01076723
01001160
01015905
01016973
01075413
01078229
01079292
01003351
01006774
01030476
01075983
01076322
01014651
01015461
01019279
01074098
01020916
01045534
01018024
01076722
01079193
01012100
01015641
01015962
01022681
01077387
01077804
01079135
01018258
01078292
01006721
01006948
01020259
01077327
01007245
01015449
01017775
01076160
01076894
01078477
01002994
01017912
01061160
01076294
01000018
01011802
01078951
01079161
01000015
01006903
01062211
01070090
01073358
01073481
01075721
01076467
01076526
01077435
01078663
01078686
01079089
01000014
01018976
01075520
01077652
01078730
01079164
01076328
01078342
01006913
01073215
01077616
01012757
01074092
01075568
01078546
01079085
01034840
01077307
01004898
01017147
01017197
01075903
01078415
01014647
01065604
01075693
01076676
01078668
01026080
01040000
01075205
01077913
01078528
01078714
01078774
01075532
01078486
01078547
01079612
01000017
01017595
01079177
01079613
01004429
01046644
01004748
01018668
01060801
01075081
01075475
01078258
01076010
01076657
01076168
01076653
01006302
01027127
01063256
01075744
01014240
01018029
01027407
01075695
01076017
01000011
01006686
01011976
01076236
01076788
01077972
01077995
01078362
01060011
01075760
01028140
01076071
01079475
01079502
01006670
01047611
01055764
01075820
01076091
01076140
01076344
01077140
01078614
01075544
01054696
01077622
01073885
01075777
01075885
01076863
01078743
01006578
01073849
01074045
01075710
01076607
01078279
01079109
01006924
01055760
01074108
01074325
01075776
01001775
01042608
01075469
01076732
01004475
01018463
01043529
01052781
01077225
01078995
02076656
02078298
02068531
02041463
02071458
02076764
02077014
02001146
02072361
02037153
02068339
02072526
02047506
03003230
03020013
03019752
03019758
03005264
03019973
03019767
03019751
03019625
03019789
03019504
03019710
03006551
03019513
03012101
03005260
03010200
03005253
03005281
03019549
03010259
03019797
03005611
03019655
03019596
03019647
03007195
03020071
03020016
03007672
03019692
03005527
03019881
03012333
03001493
03019543
03007639
03020048
03020010
03007369
04007349
04007492
04011064
04011090
04011138
04007245
04007387
04010768
04011229
04010418
04010876
04010856
04007442
04011213
04004981
04011112
04004820
04010433
04010667
04010862
04000785
04010872
04007486
04010386
04011197
04011276
04011028
04007226
04001599
04007256
04010987
04011078
04010698
04010591
04010598
04007339
04007373
04002587
04010607
04011025
04007124
04007236
04007209
04007355
04007237
04007370
04000698
04011124
04011244
04007549
04001105
04011098
04010827
04007180
04007164
04011119
04007118
04010640
04011273
04007189
04007398
04007487
04007513
04010892
04000628
04007122
04007127
04007505
04010982
04007123
04007168
04010912
04011268
04007528
04007227
04007128
04010964
04007120
04011010
04010751
04005205
04007182
04007438
04007187
04010703
04010567
04010599
04010888
04007191
04007496
04011227
04007508
04010612
04007443
04007225
04007174
04010873
04006326
04007417
04003256
04007439
04007214
04007446
04010980
04011021
04010581
04001055
04007360
04011020
04010344
04007234
04007371
04011239
04011264
04000829
04004775
04008747
04010684
04008740
04007334
04007145
04007149
04007165
04007179
04007347
04000762
04007261
05003806
05004267
05004401
05005126
05000075
05000409
05004406
05004455
05000224
05000410
05000580
05000319
05005329
05004495
05000701
05000865
05003750
05005432
05001890
05001015
05000998
05000456
05004489
05001005
05000486
05003149
05001692
05004336
05004673
06001796
06003434
06004220
06001153
06003458
06000646
06000091
06003454
06004479
06000699
06000533
06003118
06004180
06001384
06000604
06001196
06002512
06004234
06000241
06003869
06001926
06002862
06001874
06000692
06004141
06000001
06001569
06002637
06003152
06000599
06001168
06003244
06001570
06000146
06000359
06004332
07002256
07001224
07000910
07001062
07002147
07000322
07000219
07000016
07002071
07002095
07002040
07001121
07002168
07001298
07002151
07000567
07000545
07002089
07000143
07002092
07000508
07002219
07000653
07002560
07002280
07000612
07002177
07002044
07002233
07000414
07002093
07002272
07000874
07000802
07000807
07000552
07001286
07002230
07000573
07000435
07002646
07000395
07002118
08004108
08001543
08003970
08004110
08004315
08003971
08004074
08004178
08004205
08003701
08004086
08004190
08003998
08004246
08004306
08001295
08004065
08004215
08004218
08004004
08000080
08004245
08003995
08004000
08004302
08005000
08004143
08004277
08004081
08004321
08002312
08002168
08004300
08004287
08004322
08004006
08005453
08001437
08003969
08004038
08003648
09006004
09002458
09002871
09000576
09002855
09000237
09002649
09004025
09000216
09002662
09004067
09007339
09002579
09000208
09002360
09000468
09002165
09000575
09000478
09005740
09003773
09003907
09004361
09005266
09002527
09006600
09003751
09005841
09000402
09002447
09005907
09002166
09002246
09007618
09002482
09002615
09007583
09000514
09003626
09005636
09005725
09003983
09002205
09002907
10007280
10000321
10000781
10005875
10000422
10007822
10001154
10006205
10001124
10000885
10002680
10000156
10007361
10001849
10007538
10000134
10000653
10001376
10007851
10001650
10003490
10003240
10004810
10007065
10003006
10000643
10000097
10003509
10002628
10003121
10005395
10006889
10000306
10005709
10004965
10001764
10005083
10000515
10005701
10006485
10001119
10006442
10005168
10001736
10007231
10007190
10008335
10000973
10005221
10003154
11000083
11000426
11000472
11000355
11000384
11000964
11000471
11000209
11000349
11000315
11002863
11001310
11002313
11002648
11000454
11002063
11000366
11000456
11000464
11000721
11000360
11001768
11001864
11001700
11000433
11001885
11000452
11000371
11000357
12008478
12009458
12003608
12001239
12004861
12004773
12007233
12013368
12012991
12002939
12011722
12001448
12009069
12010704
12010624
12001218
12006099
12001563
12001582
12001088
12009940
12000946
12010670
12009470
12000854
12007036
12012403
12013193
12013505
12003080
12010555
12002069
12000746
12002635
12009810
12005088
12004352
12004405
12009953
12001511
12012634
12006732
12010036
12014127
12011519
12001501
12010486
12005183
12007546
12001033
12001771
12006531
12006532
12010469
12013991
13000582
13006469
13006574
13006850
13006676
13006588
13005564
13006716
13006821
13006742
13006757
13006756
13006768
13005672
13005570
13006550
13002405
13005659
13000455
13006689
13006498
13006506
13005572
13006534
13006943
13006862
14002706
14002500
14003270
14006219
14001021
14005964
14000659
14008447
14002807
14005941
14008272
14007720
14007976
14001168
14006037
14005137
14005161
14007316
14006371
14001242
14002670
14006046
14009118
14005954
14006408
14004003
14002689
14000468
14007678
14008074
14000915
14000567
14000981
14005119
14006177
14000062
14000652
14003372
14003609
14000395
14007167
14001044
14007953
14009920
14003519
14007135
14007813
14009542
14002666
14002496
14007672
14000745
14000286
14000758
14006919
15000445
15005137
15010203
15000930
15010795
15001553
15008400
15009806
15009959
15009918
15003025
15000638
15000864
15010790
15002368
15010195
15007517
15004657
15010318
15010099
15001595
15005387
15011138
15001565
15002685
15000075
15006934
15007825
15002892
15003823
15010444
15009942
15000508
15004907
15002837
15009339
15004537
15002244
15005759
15002945
15001608
15000348
15002231
15000498
15003849
15012489
15002552
15004725
15003733
15000819
15002778
15008579
15010428
15003992
15001656
16000469
16000490
16000607
16008123
16010143
16000528
16006560
16000039
16005267
16000053
16011563
16000520
16000220
16009772
16010020
16010167
16009882
16000019
16000210
16000265
16010298
16000299
16000396
16009761
16009833
16000483
16000057
16010105
16010217
16005250
16009687
16000188
16000318
16008035
16000121
16000284
16000543
16000223
16009804
16000611
17003630
17013980
17011327
17002967
17002725
17001239
17009546
17007975
17003862
17006052
17006494
17006730
17004202
17005564
17001091
17002590
17005708
17003905
17003949
17004483
17001448
17005473
17008674
17009690
17006521
17002623
17013915
17014042
17006076
17004023
17004463
17013985
17006690
17002861
17004019
17004109
17005870
17001466
17005861
17004863
17005978
17010453
17004274
17014059
17006012
17012677
17012726
17001599
17005565
17011920
17005929
17007261
17007473
17009714
17000519
17006257
17013909
17002604
17012481
17002835
17004330
17000180
17004065
17011550
17004070
17000264
17006617
17001769
17006764
17009066
17000013
17005539
17005025
17009160
17001548
17014587
17002179
17003848
17013823
17004099
17005997
17006666
17006630
18001341
18003572
18001421
18001473
18008169
18019458
18016010
18011165
18009308
18012664
18013772
18003558
18004020
18015684
18017066
18004008
18004191
18015641
18001110
18004195
18011248
18009105
18014296
18017772
18017068
18017267
18009610
18017285
18000872
18009146
18013818
18017571
18009278
18011014
18017147
18001349
18008225
18016980
18009131
18017009
18008006
18000995
18017190
18003540
18014104
18006257
18013534
18007638
18017540
18017321
18004101
18009203
18017118
18017045
18009424
18013809
18017854
18003459
18017164
18009254
18017448
18009805
18017163
18003581
18006337
18006272
19012949
19013485
19010672
19001265
19008879
19001396
19000044
19009385
19013701
19000197
19014148
19004017
19012933
19009903
19011513
19000041
19004389
19013392
19000069
19012006
19011904
19003694
19012917
19006436
19001251
19003001
19004117
19001167
19003982
19000124
19001299
19004583
19001166
19006410
19008178
19000139
19006713
19000121
19000175
19006866
19009768
19010419
19006819
19001284
19011439
19009594
19008188
19000274
19011637
19003971
19000033
19000689
21014879
21010049
21019749
21013012
21018983
21009633
21017902
21009023
21011007
21018122
21001114
21007729
21014098
21006312
21014922
21003811
21002182
21006247
21009681
21014262
21009741
21009841
21000674
21003843
21009717
21010451
21014206
21004803
21016001
21018874
21019499
21010490
21019589
21014318
21010074
21000437
21011451
21017786
21018050
21005203
21012055
21012298
21019217
21013216
21017884
21007996
21018486
21006282
21012155
21016033
21006764
21009733
21014225
21018834
21019751
21009865
21010043
21012199
21006880
21009740
21010213
21012823
21006616
21017896
21010183
21004703
21004890
21006853
21007587
21014048
21018028
21009935
21016651
21003127
21019940
21003670
21009630
21005928
21005406
22012855
22012598
22012688
22012692
22006345
22012912
22012013
22012596
22005826
22012509
22012533
22012574
22012683
22006216
22005765
22012504
22009258
22012603
22012867
22000847
22006144
22012694
22010976
22009545
22005807
22012895
22001783
22012527
22007665
22012523
22008023
22012602
22012847
22012516
22012872
22005094
22012813
22012894
22012850
22010842
22012780
22012633
22012651
22005487
23003931
23005650
23005614
23007094
23008115
23008007
23001530
23001220
23002611
23002379
23007162
23008847
23003966
23003967
23005003
23007936
23003176
23003595
23003134
23004216
23006426
23004253
23004588
23004956
23001924
23002886
23004209
23007941
23000618
23007630
23001482
23007704
23001379
23002259
23002968
23006717
23007583
23006675
23001296
24003651
24004080
24007894
24006418
24001237
24002179
24001723
24004210
24004051
24001157
24002735
24006390
24003991
24004231
24000790
24006395
24002454
24003995
24000015
24007870
24008026
24005132
24007925
24000262
24004234
24002263
24005062
24007943
24000484
25010919
25004014
25007710
25009167
25015224
25000522
25011816
25000134
25001019
25000335
25003668
25001147
25003808
25014642
25001162
25003893
25005813
25012688
25010710
25002825
25000714
25009387
25003184
25003797
25003643
25010735
25010695
25001217
25005863
25000216
25010508
25016098
25003305
25000685
25011364
25011189
25016635
25007729
25003710
25012841
25005616
25010271
25000649
25013656
25003783
25000244
25011592
25010264
25006158
25010457
25000030
25019418
25016021
25003652
25014876
25009710
25003881
25014961
25008042
25010893
25003413
25010542
25019609
26000700
26000472
26000155
26000631
26017398
26000118
26000629
26021435
26000409
26016396
26021387
26000363
26000550
26006201
26013284
26012992
26000411
26000502
26000583
26020498
26008021
26000381
26015425
26000347
26021454
26017165
26018161
26000435
26000180
26000620
26011160
26021378
26000094
26000581
26021474
26000587
26015774
26017733
26000080
26005507
26021508
26000152
26000247
26021392
26021547
26000389
26002925
26000185
26000539
26020222
26000108
26000392
26021393
26000123
26010836
26000176
26000112
26021490
26000686
26001085
26000582
26009032
26016012
26008136
26000677
26003064
26015260
26000187
26013539
26006390
26000010
26013212
26000226
26000526
26000633
26000235
26000265
26000248
26000333
26017881
26000504
26000244
26008949
26021485
26000162
26016871
26000483
26005454
26000423
26010828
26000541
26011182
26021536
26000522
26010160
26000128
26000338
26000672
26021074
26000515
26000671
26013773
26000371
26000263
26000336
26000478
26002081
26000178
26021414
26000558
26000054
26000501
26021512
26013396
26000175
26005851
26000291
26000014
26000272
26017607
26021534
27002190
27002204
27005325
27006653
27007708
27004541
27006638
27007852
27006636
27004739
27006643
27007006
27004522
27006642
27004053
27006637
27006630
27002220
27005546
27004514
27008158
27008183
27005340
27001405
27008116
27003420
27005357
27004038
27004011
27006627
27003539
27006074
27002962
27002309
27009218
27004059
27007176
27006198
27009335
27004786
27009278
27004045
27004033
27002872
28022736
28031373
28009468
28004899
28026077
28033646
28021878
29017299
29026472
29018273
29002666
29001171
29004943
29001164
29027321
29017850
29020873
29006993
29024682
29008489
29007338
29007436
29028769
29012138
29017260
29009229
29020415
29015202
29008519
29015208
29018814
29024715
29024849
29008034
29017025
29026841
29028910
29031122
29006456
29009897
29014365
29002962
29023565
29001175
29028339
29011225
29019160
29008656
29017957
29003258
29009728
29012073
29014287
29016481
29026473
29027368
29001144
29017940
29025034
29026349
29012748
29000965
29021733
29017189
29026191
29008727
29008912
29028572
29008014
29026008
29017176
29026290
29025129
29010140
29018095
29000638
29028428
29003626
29002080
29026128
29008443
29001724
29009598
29009922
29026305
29010296
29011142
29019335
29025131
29015122
29017334
29028002
29009698
29020502
29007963
29016911
29027056
29003277
29028276
29027578
29024752
29007307
29012511
29024607
29009915
29027246
29008117
29010164
29026417
29024131
29025731
29014744
29021384
29025213
29026369
29016945
29026263
29011176
29028230
29003180
29009796
29010098
29020615
29003436
29009863
29026199
29003167
29026513
29022927
29005180
29026514
29008818
29026034
29029801
29000787
29024619
29024955
29023638
29010243
29031038
29000858
29009266
29009862
29010099
29009752
29026471
29004086
29001103
29020517
29013674
29003088
29026183
29018193
29012364
29001704
29025312
29020068
29026806
29008885
29025338
29025084
29000821
29026144
29029224
29008015
29030722
29031140
29003430
30015750
30015822
30016125
30016378
30015567
30015586
30016016
30004700
30011061
30004844
30009002
30015831
30009024
30004673
30008555
30000337
30004876
30004729
30009780
30006686
30008996
30016400
30015619
30015776
30013069
30007583
30010476
30009336
30015836
30004862
30016057
30016380
30015838
30016227
30015398
30003154
30009753
30010585
30003795
30008037
30004681
30015685
30004902
30000208
30016201
30016138
30016175
30015942
30003466
30011940
30016294
30004771
30003574
30015755
30001543
30016362
30016355
30016031
30011297
30016351
30016062
30004109
30007815
30003533
30002539
30011858
30008780
30015029
30004874
30016219
30016291
31008526
31004735
31009020
31006263
31004819
31005883
31006208
31006181
31006497
31006265
31004499
31006982
31000720
31008427
31005457
31005270
31008506
31009452
31006620
31005817
31009520
31004529
31006273
31000819
31002851
31002971
31006102
31005532
31008481
31008547
31000214
31002597
31004303
31002766
31006752
31002601
31009192
31003301
31009161
31009285
31003867
31002912
31009091
31005871
31006931
31009408
32003500
32003797
32000797
32002692
32004807
32004715
32007859
32007738
32006320
32006440
32007940
32002874
32000645
32007402
32003593
32007798
32003872
32007580
32006328
32006714
32000271
32006326
32002829
32006126
32007802
32007890
32003015
32007538
32007665
32007870
32007918
32007942
32003572
32007824
32007158
32007615
32002007
32007796
32007093
32003750
32002893
32005804
32007743
32006406
32007872
32007547
32007504
32006314
32006482
32001756
32001085
32007438
32002219
32007590
33005776
33007151
33005470
33002426
33007838
33010740
33007418
33007734
33003084
33012213
33002714
33007115
33007772
33007542
33007497
33007227
33007340
33001050
33007435
33007183
33007384
33007748
33002119
33003031
33007855
33007401
33003273
33007263
33007411
33007424
33005293
33000825
33000084
33007749
33007657
33007138
33008448
33009764
33007443
33005145
33007184
33007297
33007472
33007624
33007869
33007450
33003572
33003346
33009358
33007125
33007351
33006099
33007659
33007782
33007730
33005365
33007331
33007353
33007448
33007610
33008411
33007189
33007308
33007402
33007449
33007312
33007720
33007677
33007118
33007513
33003613
33007287
33007840
33007278
33007322
33007761
33007785
33007304
33004369
33003066
33007180
33007317
33007332
33003553
33012395
33007110
34004401
34017059
34014631
34000602
34006899
34004248
34014512
34007140
34000903
34006785
34017160
34017453
34014884
34013422
34014561
34017069
34006929
34009780
34010207
34013907
34017018
34010028
34000097
34000269
34015930
34014945
34010837
34017184
34003358
34017085
34002375
34017574
34015865
34017033
34000454
34006985
34012112
34002609
34010437
34012420
34017301
34004743
34008173
34000206
34009706
34017138
34017054
34000055
34014267
34009861
34000170
34014827
34000383
34015902
34015950
34017042
34007522
34016985
34004874
34010015
34004321
34016963
34016954
34015818
34005602
34017410
34012750
34017374
34017151
34002335
34003874
34017198
34017115
34008434
34017015
34017036
34012557
34017107
34017435
34017621
34014413
34010717
34017501
34016890
34015291
34016977
34006737
34017264
34017087
34012681
34013744
34001283
34014757
34014846
34015663
34017538
34016223
34000151
34017262
34000154
34016887
34012880
34014249
35005733
35006064
35008542
35006581
35001643
35003034
35012407
35005136
35005268
35012228
35007477
35011737
35001048
35012587
35011175
35009440
35012332
35005433
35003128
35005302
35009317
35001004
35007940
35001216
35002946
35012595
35012386
35003116
35005430
35012625
35012688
35012626
35011655
35003051
35012444
35012220
35005305
35011146
35011661
35010636
35011308
35002984
35010811
35000309
35002974
35012262
35012399
35001510
35011654
35003093
35010750
35005438
35003381
35012344
35003189
35012523
35002269
35012355
35012491
35006270
36003837
36001889
36001862
36001805
36003948
36001186
36001131
36002389
36001845
36001732
36001916
36002340
36001831
36001834
36001763
36001747
36000199
36001874
36001866
36000749
36001918
36002433
36002473
36002364
36002556
36001903
36001869
36002469
36001226
37017052
37017495
37017645
37017287
37017575
37003354
37005117
37017352
37009140
37017840
37009746
37014216
37000785
37017479
37017206
37012716
37017356
37017595
37017601
37001786
37017139
37009227
37001326
37009090
37017290
37017600
37007542
37017835
37001967
37015662
37017433
37017603
37017581
37001343
37017592
37017296
37017483
37017104
37017641
37017214
37009105
37009249
37017183
37017709
37005202
37012591
37000829
37017478
37017454
37017225
37017513
37013001
37017622
37017450
37017648
37017737
37001071
37007044
39004787
39008232
39010545
39010469
39010276
39006395
39007500
39007965
39010392
39006354
39007741
39010207
39010286
39010422
39010453
39010360
39010650
39010377
39010430
39010645
39003208
39010289
39008224
39010395
39010139
39010418
39007776
39010615
39009588
39010554
39010094
39010438
39010091
39010045
39010692
39010190
39009947
39010164
39010582
39002592
39010489
39010256
39010666
39004952
39005879
39003273
39005045
39010452
39000129
39009007
39010259
39010248
39000415
39010262
39010509
40006979
40015133
40018005
40005362
40002748
40011068
40021161
40006958
40017444
40009723
40010750
40003307
40013073
40012964
40007156
40021053
40009936
40015962
40021167
40021186
40012076
40004519
40020599
40010456
40010228
40003013
40019250
40020434
40007466
40021062
40020975
40013161
40018973
40001530
40021003
40001660
40008539
40021144
40004779
40005995
40015594
40005420
40020881
40021185
40011864
40019357
40019340
40006971
40020855
40020896
40002199
40002946
40007274
40011056
40013243
40021140
40002173
40006936
40012987
40018505
40006081
40020766
40007621
40020645
40021058
40010076
40008604
40017478
40004781
40020418
40021086
40021135
40013575
40004804
40006202
40021109
40001758
40009566
40006303
40020622
40021168
40013071
40020745
40008631
40021170
40004948
40007738
40021225
40020936
40020889
40020891
40002145
40004830
40021076
40006377
40003532
40009168
40017315
40004814
40020847
40018593
40020448
40007741
40018688
40021176
40007123
40009537
40021023
40012661
40021010
41004626
41000168
41013378
41011721
41007367
41008287
41001683
41004656
41000040
41000323
41008072
41005555
41008206
41013489
41005810
41008736
41000179
41003108
41006342
41011809
41004563
41011278
41000885
41007333
41000212
41012059
41006738
41013159
41000199
41004465
41001717
41011598
41012156
41001653
41004502
41009287
41009386
41009332
41004470
41011657
41006985
41003180
41004520
41000250
41005357
41000118
41005182
41009411
41004677
41013344
41009318
41001741
41003207
41009612
41009124
41010118
41009894
41009029
42009877
42014350
42014290
42015024
42012315
42014905
42001556
42007212
42014411
42014996
42014233
42010463
42011060
42014683
42000947
42014201
42014558
42008079
42008640
42004120
42008109
42013451
42014958
42014351
42014619
42007745
42014631
42015055
42003563
42014577
42003075
42014485
42006442
42002449
42014869
42010630
42007396
42004783
42014910
42014793
42001178
42000206
42014434
42015005
42004443
42014663
42014915
42001177
42007181
42014332
42012091
42014839
42001217
42014874
42014590
42014932
42003178
42008820
42011596
42014280
42004570
42014186
42015022
42012860
42014455
42014994
42014478
42014370
42014554
42008721
42004936
42014692
43001426
43001449
43001999
43001948
43004832
43008217
43008832
43002003
43007974
43001901
43007422
43008834
43008718
43002026
43007174
43002161
43010154
43003893
43003122
43007906
43007169
43000980
43001941
43004682
43004029
43009519
43002077
43004045
43002133
43007901
43004361
43002504
43002512
43002090
43002157
43010179
43001987
43010270
43002109
43002116
43004844
43005312
43008706
43000814
43005311
43008468
43004063
43003723
43008542
43003239
43008742
43008015
43002509
43001893
43001663
43007725
44009736
44010132
44011149
44010643
44010764
44010592
44010631
44011238
44010596
44002272
44011212
44003744
44011136
44010617
44011078
44010365
44009565
44010939
44011009
44009552
44009355
44011019
44009292
44009953
44011322
44009664
44010779
44011089
44005169
44009843
44009421
44011071
44010572
44000866
44009445
44009977
44010991
44010796
44011285
44010949
44011269
44010775
44009601
44011232
44010714
44011174
44010863
44011193
44010442
44010969
44003334
44009629
44011100
44009871
44010915
44009738
44000714
44010520
44010644
44010997
44003501
44010998
44009384
44011032
44009259
44009663
44009767
44010811
44010837
44011044
44010313
44010398
44010825
44011118
44009667
44004636
44010839
44009571
44010975
44009519
44010982
44000996
44010551
45002531
45003744
45002804
45002716
45002630
45002808
45002791
45002548
45002562
45000724
45002615
45002485
45002825
45002610
45003258
45003635
45002636
45003543
45002575
45002819
45002740
45003219
45005655
45002673
45003979
45002810
45002573
45002773
45002695
45002706
45002496
45002120
45002780
45002500
45002574
45002593
45002721
45002788
45002676
45002550
45002759
45002501
45002486
45003676
45002844
45003117
45002766
45002697
45002523
45002534
45002563
45002647
45005485
45002686
45002841
45002271
45000404
45002580
45002682
45002677
46008709
46006797
46008695
46002654
46008723
46008472
46008631
46008467
46008728
46006444
46008174
46001308
46008756
46008156
46008878
46008646
46008682
46008671
46001561
46008173
46006031
46000800
46008713
46008816
46008741
46001497
46007427
46008763
46008760
46008716
46008186
46008617
46005214
46008183
46008872
46008286
46008840
46008526
46008506
46005452
46008721
46008727
46008348
47001863
47004421
47010389
47001954
47007914
47001684
47006184
47005858
47002136
47007855
47003736
47004907
47005264
47005601
47001859
47000713
47002544
47002110
47001783
47003247
47006568
47006476
47001016
47003810
47005679
47000225
47000232
47002031
47005085
47002106
47006650
47002039
47000025
47005418
47011228
47001805
47002117
47000064
47004539
47002204
47006065
47003443
47001802
47001981
47010969
47001986
47011423
47009533
47001774
47004731
47001878
47001892
47007872
47002566
47003422
47002201
47007084
47009702
47002020
47000437
47006875
47009218
47008727
47010035
47010524
47002001
47009214
47002215
47001852
48001250
48004191
48009641
48025263
48003708
48002773
48004103
48006766
48010102
48024079
48001659
48003850
48018017
48019036
48023655
48004257
48027126
48003910
48004219
48021943
48004031
48009976
48009598
48018200
48013516
48004310
48007014
48021124
48023781
48006840
48013343
48009954
48009506
48009508
48003937
48008987
48003787
48003043
48004195
48002476
48003736
48003753
48004454
48017408
48002931
48002953
48003899
48006744
48016166
48018052
48004277
48003963
48003902
48013413
48004187
48018191
48002404
48023096
48002992
48009530
48009549
48002304
48004359
48013322
48004086
48002742
48003968
48009977
48010101
48008901
48003626
48009632
48003706
48004291
48006075
48010010
48003347
48004302
48001853
48006178
48009024
48002346
48017424
48004067
48017956
48016194
48011728
48002408
48014195
48000663
48001427
48004279
48023844
48027877
48020991
48002686
48002771
48003641
48009406
48009838
48010503
48013409
48016072
48002593
48002205
48004244
48004478
48004515
48012725
48009596
48009610
48002387
48016125
48021012
48003612
48004213
48009594
48004272
48004463
48018618
48017832
48009593
48009780
48016188
48017946
48028080
48002510
48003704
48021277
48009597
48002172
48025578
48001207
48001546
48010129
48024806
48021025
48025254
48002273
48009608
48004207
48004406
48011034
48009099
48011541
48002597
48003920
48017667
48004404
48003287
48002208
48004050
48018606
48013513
48004052
48009915
48004259
48009447
48009626
48014288
48004184
48004323
48009620
48014200
48004753
48006962
48009431
48013528
48004084
48000446
48002636
48001551
48004430
48009604
48011122
48009516
48011501
48003638
48007040
48016101
48004303
48011125
49011259
49007966
49013324
49005211
49013855
49012219
49007778
49010105
49001061
49004573
49009714
49008939
49009111
49005218
49004128
49007752
49008996
49004263
49006248
49009759
49000650
49004384
49004432
49002843
49005073
49002432
49004332
49001142
49000557
49009096
49004293
49004243
49007726
49001330
49006253
50014247
50013971
50013875
50002895
50014397
50014024
50014090
50007515
50007443
50002675
50012130
50014215
50009574
50014363
50014004
50013987
50002943
50003171
50014179
50014066
50013846
50014161
50014047
50013896
50014040
50013963
50014063
50005188
50014290
50013937
50014362
50014071
50013867
50014050
50007082
50005424
50004638
50014193
50014079
51007126
51016013
51016048
51015467
51016109
51016214
51015694
51001322
51015830
51014900
51016269
51000640
51016002
51016137
51015604
51016073
51016243
51014448
51016321
51000653
51014810
51016279
51015707
51016377
51016405
51007172
51015860
51016237
51015839
51014853
51007967
51014793
51015482
51005636
51015732
51014934
51007223
51015550
51001377
51015228
51015742
51015148
51007389
51015093
51015424
51015341
51015554
51014790
51015691
51016095
51014225
51015471
51015905
51016054
51014805
52005014
52008597
52000657
52005427
52000228
52011847
52000267
52000304
52007698
52000259
52000823
52009101
52008279
52000877
52000276
52000265
52000330
52005400
52009824
52000324
52000202
52000193
52000196
52000381
52005032
52000104
52008688
52010597
52000391
52011829
52000102
52002729
52000268
52008835
52006936
52000222
52000113
52000121
52000399
52004488
52000122
52000159
52002266
52008520
52000323
52007029
52000327
52002173
52009905
52000313
52003220
52002178
53002390
53002060
53008246
53009400
53009279
53009086
53009151
53009617
53009020
53009204
53002083
53009195
53002108
53009202
53009258
53009450
53013244
53009319
53012387
53009548
53001929
53002010
53006821
53009209
53008969
53009418
53009036
53007427
53009489
53009584
53009271
53009446
53009054
53009366
53009106
53001913
53001973
53012499
53001949
53009088
53008971
53002025
54004089
54012654
54013305
54005716
54013365
54004001
54009284
54011544
54012955
54012970
54003507
54013048
54012729
54008985
54013312
54013225
54001771
54013216
54000577
54002677
54012504
54003874
54012987
54011465
54009267
54013299
54012840
54013348
54013285
54013355
54013193
54012943
54013111
54010494
54012938
54004037
54013026
54013267
54012983
54012853
54012904
54000538
54003997
54013104
54013181
54013019
54000162
54003651
54009092
56003609
56000310
56010018
56002417
56005413
56010465
56003580
56007176
56000288
56003610
56004724
56000312
56008466
56001329
56000436
56010300
56000180
56000047
56005056
56007058
56011603
56005077
56009846
56000323
56000230
57001385
57009720
57002248
57002596
57002944
57000146
57000137
57000152
57000558
57002016
57001110
57001296
57002317
57002791
57002700
57003651
57002829
57000109
57009754
57001600
57001594
57006306
57002908
57002646
57009492
57000050
57006324
57000144
57000953
57001214
57010014
57000565
57005190
57001003
57001044
58007904
58008133
58008010
58000637
58007198
58008117
58001435
58007964
58004991
58002337
58007930
58002262
58007911
58007355
58008135
58007823
58007909
58007878
58004546
58007979
58007871
58008198
58000465
58007997
58007912
58008007
58008124
58008203
58004957
58007518
58008040
58007828
59001868
59009320
61007089
61000561
61002243
61003820
61001973
61003994
61003777
61008548
61000957
61006627
61001964
61002472
61001909
61001747
61004037
61003170
61007313
61007811
61000178
61002706
61001034
61008309
61000431
61004140
61000788
61003134
61000760
61004299
61007624
61004060
61005372
61003638
61004021
61006821
61001665
61001679
61000216
61004111
61003967
61008697
61002380
61003765
61006444
61006548
61000498
61008669
61000752
61005698
61007178
62005147
62000524
62002085
62000517
62004995
62005481
62003689
62003659
62003942
62001977
62001273
62001554
62003492
62000701
62005434
62004707
62005134
62002411
62001086
62000364
62005266
62003571
62004599
62002837
62002443
62000580
62001972
62005332
62003730
62000514
62005364
62004505
62003726
62005143
62002258
62001639
63002683
63004940
63005119
63004653
63000816
63003784
63005438
63001066
63001314
63001370
63004778
63004800
63000849
63001074
63002578
63004832
63004072
63005217
63000958
63003760
63004182
63001072
63002872
63001096
63004757
63000857
63004913
63005123
63000775
63001232
63004658
63003540
63000752
63000798
63003553
64004536
64002620
64000706
64002538
64002203
64003725
64005687
64005734
64005592
64003819
64000511
64003542
64004601
64003832
64006148
64002740
64002815
64002026
64000175
64004104
64000521
64000164
64003425
64003700
64004603
64003962
