01108573
02087935
03025673
04013561
05006950
06005558
07004202
08008385
09009022
10009516
11003207
12016792
13008718
14012680
15016477
16015513
17018000
18021840
19017688
21023462
22016384
23009866
24009606
25021816
26022726
27011795
28038769
29036956
30017080
31011231
32008402
33012846
34017424
35014394
36005059
37019424
38015238
39010673
40020934
41014470
42015433
43011342
44015273
45006322
46010525
47013177
48034034
49015804
50016514
51020308
52012672
53016316
54015067
55011773
56012182
57010935
58009706
59010680
60006413
61010182
62007277
63007704
64007286
