01007561
01021425
01044517
01067106
01069172
01012383
01046357
01074429
01026235
01030342
01057344
01063583
01000012
01007583
01008853
01018323
01074749
01001009
01007727
01013213
01022052
01029266
01002902
01025029
01043028
01004450
01007144
01007605
01038268
01046457
01056335
01003656
01031447
01038473
01000481
01065220
01065467
01072594
01004502
01004508
01004516
01010995
01065660
01000003
01010788
01012736
01069462
01074073
01074236
01012198
01056779
01065158
01071095
01072953
01073141
01074094
01003385
01024357
01027904
01003727
01033012
01037022
01045863
01000312
01002935
01013448
01013464
01015560
01022434
01039772
01054901
01058303
01073064
01005737
01008654
01012430
01012641
01028127
01029202
01037552
01013251
01014445
01034730
01038020
01057701
01063607
01071558
01072626
01073938
01000519
01004301
01023565
01026674
01027793
01037622
01057735
01019570
01037280
01074440
01000007
01002695
01012712
01013359
01031530
01005198
01010636
01002930
01010598
01019427
01021407
01070503
01072812
01002565
01010666
01017657
01069125
01002933
01004560
01070514
01004553
01007009
01017257
01029525
01031876
01044477
01072918
01013622
01017869
01021239
01030178
01040475
01074692
01013741
01023066
01050293
01053934
01027249
01041628
01073507
01001028
01002942
01017374
01023516
01072837
01000002
01015566
01059820
01074025
01012759
01017154
01019615
01072843
01072950
01004451
01004559
01013520
01043179
01073408
01017090
01023427
01025796
01002666
01002913
01002951
01007554
01037679
01046783
01074433
01007169
01018560
01050874
01074430
01000001
01010480
01031610
01065675
01074361
01013149
01030539
01037420
01048952
01053656
01000009
01000010
01002617
01013246
01044392
01019536
01033710
01061549
01072148
01004953
01037509
01059518
01018620
01073308
01006183
01013080
01070556
01019813
01023566
01030650
01073759
01002897
01023549
01072907
01002563
01016935
01018536
01019465
01024472
01000516
01014407
01026155
01027079
01072571
01008127
01019626
01032485
01050114
01000008
01008250
01037854
01067333
01007182
01010560
01019300
01025724
01040789
01041062
01052508
01065680
01073553
01012653
01059539
01074079
01000004
01012464
01013398
01018600
01027321
01072694
01072965
01007679
01012406
01057096
01061281
01072966
01000917
01019527
01021682
01072831
01004878
01007174
01012899
01013210
01034576
01041263
01056116
01000013
01000025
01005300
01018246
01030197
01037677
01037932
01073466
01000016
01000989
01000319
01048470
01073412
01000006
01068077
01000024
01007432
01019584
01041339
01045806
01063363
01073349
01009651
01059594
01005464
01010649
01013759
01027377
01026213
01057842
01063797
01064948
01017175
01000021
01061520
01062125
01007547
01016819
01052930
01063665
01019555
01022007
01034199
01070354
01002858
01012605
01017199
01032611
01059760
01073882
01008526
01038568
01045322
01048469
01063654
01073874
01002804
01073102
01073527
01000558
01017293
01043021
01015592
01018985
01050482
01052512
01072929
01000776
01003766
01017776
01049173
01010328
01010916
01000026
01006928
01000005
01003401
01056226
01058480
01007874
01019600
01025764
01030094
01030134
01030674
01062713
01007665
01034072
01050060
01072074
01072887
01072980
01073440
01065495
01073942
01004537
01014510
01049360
01000028
01023519
01043083
01072850
01007109
01073244
01011190
01014155
01070512
01074467
01017217
01045576
01000023
01019746
01024381
01026142
01057861
01065607
01073212
01007007
01030892
01040515
01065488
01015224
01016763
01030594
01059778
01000018
01002856
01012823
01019115
01019949
01022985
01037272
01072563
01000015
01000027
01042994
01000014
01000020
01000954
01004558
01072834
01074329
01002893
01007052
01018933
01023857
01030993
01037507
01065188
01000555
01012566
01034657
01065626
01002926
01004360
01055998
01017974
01066215
01001019
01007047
01007365
01059837
01025129
01047849
01059792
01014288
01017920
01070610
01073513
01000022
01037347
01037457
01066785
01067933
01072771
01007496
01010612
01016887
01058700
01000017
01005896
01007081
01072625
01006078
01038153
01063222
01000946
01019462
01073879
01017881
01018989
01055803
01073431
01010910
01011103
01013475
01021998
01022813
01061560
01011251
01023622
01065594
01000992
01016601
01021230
01000011
01004464
01052383
01059832
01072827
01073438
01013363
01072972
01000019
01004183
01008151
01013452
01016071
01065592
01072905
01004465
01012670
01043669
01073369
01000544
01012592
01012980
01013362
01037501
01068283
01070132
01030593
01037084
01073501
01037505
01059696
01010979
01014604
01025348
01074108
01026254
01045633
01004532
01016530
01023574
01030119
01032205
01041314
01073967
01005535
02020078
02045081
02045856
02047405
02003483
02048870
02050479
02053732
02037383
02044953
02049375
02050392
02051172
02052063
02053131
02055086
02063308
02022724
02038997
02053872
02064735
02067624
02070524
02002007
02052702
02053603
02053705
02053719
02056867
02058335
02065046
02049944
02067491
02045947
02046746
02047550
02048081
02054712
02056323
02060377
02063948
02065050
02015700
02052356
02053095
02065041
02044537
02045876
02054138
02058284
02042865
02044132
02065480
02044126
02051045
02057318
02050246
02055053
02060513
02069426
02006766
02051188
02056208
02057544
02062212
02069241
02005521
02045838
02045193
02045924
02045936
02046801
02048449
02053555
02062987
02044572
02049102
02055148
02055158
02057962
02064412
02066169
02005652
02056002
02067682
02032454
02062538
02063418
02045062
02046734
02053344
02060863
02066022
02031809
02070047
02044645
02046710
02048331
02050485
02051117
02062659
02063872
02067779
02069663
02051197
02053314
02055037
02065868
02069063
02053042
02054195
02058276
02070346
02050094
02065757
02032810
02043058
02050265
02051121
02059849
02060437
02065405
02046833
02047867
02051053
02051251
02053670
02022044
02056374
02049820
02051286
02052216
02054805
02065760
02065844
02028814
02043595
02045080
02046327
02048414
02053927
02060523
02060860
02019776
02053134
02059678
02067243
02019796
02042074
02067036
02006099
02007128
02007188
02037296
02045226
02006505
02045626
02063553
02044157
02046584
02050482
02066960
02067587
02001980
02041744
02048498
02053365
02065539
02067406
02068227
02046822
02048152
02067784
02004166
02008737
02050848
02052201
02052690
02060359
02067297
02053672
02053058
02069280
02014498
02021693
02025593
02048447
02050565
02058055
02069735
02052069
02053546
02053795
02055069
02059831
02066079
02045582
02046647
02052958
02060338
02062894
02026321
02045307
02046308
02046849
02053026
02059920
02064174
02065667
02067663
02023744
02050714
02053740
02057594
02059838
02064853
02065721
02005353
02045916
02046484
02048766
02055032
02058246
02020011
02045089
02046519
02058268
02058376
02062415
02047766
02048755
02051089
02058344
02000761
02045964
02055900
02059919
02062294
02045619
02046405
02005745
02021581
02043937
02064564
02064855
02036089
02045183
02047321
02049743
02050691
02064367
02066610
02042494
02052945
02058191
02068680
02047322
02050778
02050991
02058244
02056491
02066777
02071037
02046451
02047502
02043825
02044347
02057870
02061555
02066347
02067626
02021674
02052881
02060556
02066180
02052314
02052859
02053974
02059396
02062607
02053135
02036201
02053036
02054043
02054088
02065027
02067408
02050523
02056035
02064732
02070546
02002307
02031300
02044889
02049723
02057497
02044250
02044646
02048703
02049477
02053488
02054157
02065321
02006826
02052696
02056078
02005282
02046868
02046886
02062232
02063601
02066345
02067737
02070409
02045609
02050484
02057545
02059293
02064095
02070779
02011813
02053199
02051295
02052970
02066084
02066467
02003544
02052426
02070170
02042937
02052054
02053116
02056786
02059583
02068896
02070934
02036725
02045960
02062398
02036334
02040763
02044234
02005535
02053663
02056637
02057391
02062955
02066395
02025447
02045862
02053220
02049600
02063520
02051266
02059391
02059879
02070473
02034143
02036095
02059596
02064427
02067166
02068777
02017709
02019538
02020970
02032059
02052185
02054384
02064408
02066507
02051993
02052731
02061060
02062141
02063240
02065010
02043126
02043443
02049551
02054850
02064987
02004746
02026585
02051174
02062298
02000850
02005807
02044714
02045390
02047919
02053250
02063200
02069108
02049925
02060392
02063306
02067019
02069167
02000238
02049298
02052942
02052974
02053028
02057865
02044451
02051871
02054856
02056518
02063359
02063874
02048882
02053137
02053677
02057779
02061979
02066711
02036222
02044502
02048678
02051151
02054141
02056861
02058319
02060557
02064900
02047729
02053450
02053689
02057112
02065265
02010436
02046315
02048079
02049162
02051250
02052656
02053462
02056635
02065498
02015128
02051189
02047981
02052805
02054229
02060460
02070000
02044111
02048009
02051226
02053576
02044324
02045134
02052531
02053167
02064202
02053067
02053410
02068481
02015782
02038958
02045295
02050894
02051292
02056145
02047492
02047555
02049912
02050787
02054375
02066116
02066515
02044073
02049645
02065073
02069776
02015013
02031312
02063134
02069801
02045550
02049661
02052983
02063141
02066077
02002584
02052496
02052624
02065622
02066469
02047610
02056435
02005877
02049803
02065935
02067633
02022569
02048311
02063669
02017059
02047305
02056285
02000278
02012499
02044382
02045642
02046487
02049902
02054204
02064781
02066009
02066260
02066665
02066807
02062927
02005448
02067325
02037261
02046917
02059828
02059851
02069522
02010557
02066297
02000819
02045740
02047962
02051252
02052563
02053291
02058248
02063344
02050937
02052677
02067337
02044291
02052710
02066638
02015125
02040752
02048196
02049190
02052737
02064440
02064668
02042927
02044384
02044453
02045289
02053539
02044263
02047031
02053353
02046482
02047274
02047571
02050682
02055040
02056868
02021409
02047506
02053489
02053794
02067340
02045961
02051143
02061929
02062147
02066674
02068106
03005916
03007539
03013785
03007576
03016854
03009084
03003253
03005822
03006787
03004773
03004473
03011571
03009227
03014377
03000728
03016743
03004930
03009459
03012140
03007516
03016341
03012218
03000389
03006456
03013935
03016755
03004986
03005583
03001573
03009205
03010280
03018024
03004158
03015555
03005278
03013914
03003110
03013631
03001947
03004301
03011002
03008031
03013518
03018200
03016838
03002608
03004726
03006305
03016093
03009169
03016671
03015610
03013582
03001466
03004505
03008921
03005649
03002896
03009320
03006827
03006166
03008900
03017639
03009288
03004346
03004363
03000394
03002232
03006361
03007635
03003518
03003112
03011127
03001585
03014492
03000158
03007736
03013927
03006257
03004887
03007200
03011948
03007395
03018370
03007574
03006098
03009765
03007883
03011833
03018383
04001405
04001805
04004878
04008569
04002231
04004410
04001177
04001499
04001701
04000443
04001414
04008327
04001275
04002127
04001740
04008250
04008329
04002164
04008744
04001347
04001841
04008029
04002237
04004845
04004109
04005003
04001836
04002357
04002223
04001844
04008406
04009014
04001436
04008699
04001125
04001753
04001775
04008784
04001231
04001817
04005165
04002254
04002151
04005086
04001467
04005118
04001128
04002096
04002193
04008439
04004889
04001307
04006775
04001122
04008724
04009141
04005101
04008255
04001845
04002148
04008751
04005038
04002146
04001391
04008893
04008435
04000052
04001049
04001197
04001337
04005079
04008341
04001349
04002149
04007754
04008106
04001761
04001362
04007468
04001196
04009149
04001426
04004894
04008706
04002158
04006270
04007738
04000746
04001099
04005012
04001764
04001198
04002152
04004004
04001022
04001115
04001846
04002121
04002161
04006003
04008342
04008425
04001718
04004920
04001777
04008557
04007672
04001344
04001835
04002100
04002255
04001804
04008040
04001107
04009645
04005763
04002213
04008339
04000467
04009215
04001851
04002204
04002261
04008322
04001661
04001666
04001833
04008245
04002144
04001818
05004361
05002051
05001234
05001933
05002909
05000956
05004249
05004682
05004700
05000053
05004260
05001694
05004657
05004189
05004556
05004655
05004636
05002634
05001133
05002738
05005122
05002271
05000317
05003021
05000286
06001483
06000242
06002486
06004254
06000013
06000477
06003101
06004577
06003338
06000862
06001727
06001616
06000749
06001381
06000474
06001831
06004725
06002281
06004378
06003764
06001686
06004068
06001329
06001961
06004451
06003666
06001092
06002133
06003391
06000053
06003549
06003071
06002006
06003202
06002869
06004590
06001598
06000529
06000760
06003929
07000214
07000422
07000939
07002793
07000703
07000357
07000159
07001170
07001766
07000503
07000042
07001585
07000204
07002421
07000587
07002245
07001967
07003185
07002501
07000553
07001270
08000975
08003866
08002665
08003291
08002618
08004410
08002764
08000172
08002723
08003490
08004953
08005132
08003198
08003197
08000496
08005276
08000918
08001690
08000941
09001462
09001390
09004810
09001478
09000458
09007341
09002697
09003016
09002696
09006157
09001752
09002772
09002539
09001668
09006451
09007359
09000505
09005273
09007743
09002320
09006190
09002750
09001258
09002526
09002790
09001066
09006013
09002349
09005932
09001643
09004106
09004248
09002885
09002780
09006329
09005827
09006178
09001410
11002350
11002283
11002128
11001965
11000953
11001801
11002006
11002477
11000783
11001298
11000662
11000646
12005540
12008196
12009748
12000073
12002552
12011378
12005363
12013988
12004113
12003038
12002012
12006464
12002710
12007278
12006401
12009472
12012271
12014005
12000174
12012285
12004591
12007059
12006637
12005499
12008591
12006700
12005246
12002145
12005382
12007134
12006209
12006422
12005566
12013030
12005660
12002591
12006763
12008510
12002918
12005508
12006421
12001575
12004487
12011008
12000131
12001558
12005383
12005491
12000069
12007381
12009158
12007047
12001886
12004466
12002144
12013996
13001373
13001659
13004519
13006630
13004062
13000686
13003009
13000975
13001577
13001669
13005457
13000595
13005523
13005578
13000846
13001976
13001632
13002055
13000544
13005491
13005551
13000833
13001311
13000628
13005627
13005572
14004089
14009807
14006918
14007792
14009822
14007709
14000280
14008477
14008875
14004458
14007318
14006254
14007120
14000666
14000003
14003130
14009600
14000682
14000104
14000096
14005276
14003601
14009607
14003388
14000485
14007194
14000930
14005816
14006663
14002189
14009614
14002449
14008138
14006093
14003461
14002317
14009594
14007703
14000779
14000115
14000512
14008326
14000142
14005055
14007817
14000012
14009388
14000061
14001407
14009840
14006008
14003030
14007565
14003207
14000184
14008796
14000171
15010203
15000083
15001903
15004845
15004427
15002550
15012228
15000368
15008389
15004806
15005120
15012751
15001770
15000331
15002220
15004986
15010028
15002177
15003958
15010889
15008645
15004223
15008797
15005104
15007150
15009454
15007815
15000982
15010559
15005198
15003969
15010165
15010516
15012750
15008290
15003789
15001847
15008480
15009678
15005067
16011624
16006988
16001093
16006902
16010623
16001214
16004205
16010709
16006166
16012183
16010378
16006566
16006781
16007365
16006819
16011605
16004564
16007093
16004280
16004169
16001395
16000254
16004404
16004594
16000156
16000381
16001277
16000158
16000073
16004297
16006604
16004254
16006863
16000264
16000080
16000307
16000735
16006713
16012098
16001785
16007053
16006587
16010831
16004288
16011970
16007043
16001749
16000338
16004402
16006934
17006365
17004172
17012305
17004310
17006694
17010837
17002235
17004543
17009054
17003910
17004335
17000508
17005884
17004829
17006502
17011404
17000732
17006836
17013569
17010766
17004989
17007907
17004487
17009031
17013581
17005585
17012202
17003197
17007474
17006851
17004019
17001333
17006126
17006357
17004606
17004907
17007182
17001439
17004971
17006168
17005474
17011377
17007112
17004651
17004668
17003034
17013570
17006415
17011332
17012608
17010535
17011138
17011295
17001189
17006085
17011221
17000438
17010853
17006179
17003830
17009401
17009128
18004881
18003510
18004214
18010834
18006214
18017423
18008695
18008874
18013368
18004552
18017156
18017612
18000539
18017636
18010106
18007340
18010864
18015491
18003399
18016640
18017076
18018654
18004393
18017239
18017504
18011740
18000881
18008928
18006009
18017506
18007341
18003554
18012770
18018939
18017321
18017731
18017443
18017933
18016470
18011517
18014385
18003966
18003460
18010119
18010797
19013595
19005383
19009753
19006754
19006550
19004155
19006633
19005030
19007776
19008107
19011011
19001554
19008065
19011866
19010481
19004353
19008808
19002366
19002998
19012444
19007754
19005135
19001544
19002469
19013737
19007353
19009281
19004802
19003645
19006426
19001986
19003343
19007764
19003148
19009715
19008286
19001603
19005350
19013306
19000710
19004725
19005769
19010536
19009571
19012204
19013420
19001605
19009948
19006466
19000814
19000806
21008694
21016657
21001063
21016238
21019319
21013623
21009656
21009705
21008971
21011908
21018350
21000757
21006247
21013296
21013365
21010666
21017937
21005246
21012491
21008653
21009749
21010223
21019166
21012457
21018906
21009054
21016177
21014582
21004889
21007676
21012621
21008986
21005138
21006003
21010191
21002305
21005051
21009746
21012519
21015281
21011063
21006071
21010005
21017735
21001107
21015556
21008606
21009816
21017918
21001521
21010093
21010152
21002813
21017014
21017005
21018947
21005130
21003067
21009757
21009800
21017630
21018003
21010648
21016803
21017010
21010365
21016612
21013302
21013434
21012635
21017998
21009745
21019178
21005249
21003230
22003282
22000863
22002844
22011455
22000814
22006656
22008807
22010061
22000259
22011983
22009861
22010166
22009131
22000244
22011401
22008052
22001127
22008058
22004475
22008774
22008808
22000848
22007182
22002526
22010501
22011407
22005952
22007096
22002469
22001064
22007137
22007984
22012070
22003564
22005359
22007346
22008184
22002726
22007942
22011457
22011282
22010985
22005522
22000569
22012283
22007447
22006582
22001153
22007443
22005064
22000937
23005373
23005501
23001509
23006805
23001455
23006671
23001746
23007831
23003234
23001607
23003539
23001369
23007585
23005865
23006768
23007709
23002051
23007254
23005717
23007832
23001491
23002732
23006512
23008170
23008781
23007222
23001700
23002644
23006825
23006485
23003571
23005655
23002590
23003519
23006278
23005566
23001535
23005871
23005754
23002816
23005541
23000828
23008659
24005989
24000145
24000539
24005764
24003068
24001312
24002504
24003487
24006085
24006988
24001043
24007131
24001687
24001068
24004551
24002405
24000451
24000135
24006899
24005347
24003828
24006103
24005860
24004645
24006207
24005295
24007484
24003806
25005088
25002212
25002028
25008805
25001209
25011601
25003088
25003311
25000518
25005224
25007048
25013178
25005094
25015894
25002112
25010241
25015377
25002344
25010223
25015534
25001245
25007592
25013830
25015877
25014859
25002307
25002944
25010208
25002615
25013766
25015442
25013017
25014929
25015616
25003454
25000003
25000266
25010233
25001773
25000407
25003260
25007197
25015779
25010022
25003039
25002404
25005311
25003136
25012712
25002516
25000505
25008685
25010877
25002953
25000541
25001189
25011777
25009904
25002590
25000739
25002452
25012847
25004303
25005243
25002327
25002637
25001234
25002882
25000334
25002743
25010461
25002702
25002529
25001768
25012907
25002731
25016539
25002795
26005833
26016095
26000208
26011575
26000121
26002844
26011877
26005201
26005136
26016052
26004663
26000210
26016106
26008143
26001639
26011645
26015724
26002183
26011675
26002286
26013339
26013989
26001572
26000514
26012273
26014340
26012460
26016030
26006021
26010338
26001582
26013810
26014284
26016762
26010069
26000096
26010208
26000304
26011670
26011724
26017705
26002449
26000392
26002451
26002429
26002103
26002448
26002522
26005691
26000625
26002655
26015701
26016093
26017918
26017162
26010171
26001522
26000850
26000019
26000093
26010284
26009029
26009259
26012661
26016089
26002205
26001687
26000183
26017264
26000337
26009867
26014194
26015798
26010620
26016024
26017300
26016204
26001802
26000018
26001706
26007903
26015859
26017622
26001652
26008052
26000162
26007509
26000535
26016171
26018117
26001561
26017783
26015926
26016097
26001969
26010180
26010440
26016968
26012659
26011655
26002203
26004498
26011031
26007919
26009913
26002249
26012566
26002095
26009962
26016170
26011535
26016186
26015679
26011691
26017174
26002411
26007686
27003575
27005538
27007223
27008426
27005873
27003741
27001912
27007258
27002241
27003414
27008627
27003309
27007493
27003571
27003811
27008839
27003914
27008382
27007569
27002484
27003448
27002756
28004138
28016513
28012643
28006142
28013428
28000500
28004765
28023235
28029134
28002423
28017563
28002031
28009572
28011193
28014557
28025549
28034521
28002282
28014923
28025823
28000551
28000905
28034258
28011716
28007417
28017558
28030303
28032190
28006086
28008599
28000971
28026790
28009655
28013518
28022164
28019972
28028108
28009376
28013022
28017589
28023194
28029547
28002281
28006198
28026181
28026640
28029408
28021352
28001108
28002255
28017313
28031529
28024266
28029805
28024722
28012437
28002869
28004650
28010091
28024480
28002591
28031084
28031334
28018281
28028433
28029246
28031711
28026333
28026731
28027002
28007187
28007626
28010900
28024158
28031531
28003705
28015093
28009852
28009932
28013304
28023476
28001796
28014845
28001196
28008098
28033012
28005419
28019390
28024814
28026442
28000435
28008616
28002909
28001131
28003849
28007674
28029633
28002501
28023171
28012244
28001939
28000798
28006745
28027907
28012136
28012896
28018251
28028562
28017265
28007744
28012794
28018514
28033415
28011927
28019317
28010705
28017444
28023514
28029576
28029688
28001811
28002199
28029105
28023149
28028753
28007316
28018904
28003298
28030521
28032677
28012288
28012945
28013434
28017217
28017609
28026659
28030779
28033882
28003720
28007512
28011938
28004929
28008033
28016290
28031145
28002400
28007143
28008665
28029015
28002310
28019658
28001824
28012594
28005807
28022468
28025505
28004679
28017425
28021568
28017595
28019603
28010740
28012644
28008876
28026397
28030714
28001128
28024017
28011479
28017374
28022252
28005513
28018978
28014850
28001727
28008761
28017395
28033195
28001049
28012600
28019445
28027304
28000028
28018035
28022077
28001847
28000338
28023622
28032866
28002704
28007690
28007240
28024298
28024716
28031344
28017587
28017676
28028865
28013637
28021349
28022982
28024448
28011427
28002331
28000611
28002046
28024462
28019772
29027884
29016702
29016459
29026915
29014841
29028249
29025031
29024415
29025362
29025659
29027440
29030523
29028439
29021194
29019195
29024188
29028243
29007333
29026779
29010350
29017061
29003382
29014137
29028338
29012472
29022091
29026113
29019014
29030179
29007481
29003631
29025843
29016608
29024110
29018070
29026949
29011178
29010430
29013109
29018364
29025673
29010501
29003454
29026674
29012301
29014757
29029615
29030498
29013836
29017746
29010048
29005226
29008305
29018105
29019640
29025493
29027009
29030090
29008553
29020196
29004880
29024543
29004318
29013950
29021347
29028047
29003617
29005157
29010026
29013851
29002096
29018432
29025865
29002937
29018135
29010153
29026342
29007837
29017718
29026275
29024049
29007843
29030673
29007948
29020416
29016364
29006991
29025850
29028030
29026732
29025549
29008490
29016169
29022042
29024546
29027317
29024331
29005167
29009377
29028027
29017724
29018459
29003332
29017887
29025794
29015933
29017735
29024218
29012886
29028513
29018478
29021748
29024398
29014039
29005955
29005572
29026867
29007037
29027444
29027763
29027800
29028477
29008293
29020303
29024500
29008986
29011173
29027196
29007930
29003111
29010670
29025105
29014218
29028208
29009424
29012303
29028328
29008505
29024535
29025405
29002098
29025440
29008764
29028041
29026888
29010496
29028748
29024643
29003242
29015400
29029564
30000668
30006140
30005360
30009973
30006266
30005904
30012297
30002910
30016807
30003442
30005912
30016829
30016688
30006167
30005913
30013368
30002941
30016028
30006395
30005491
30005119
30005234
30005938
30008993
30013273
30001361
30002621
30006029
30008190
30014904
30006247
30001715
30005103
30005105
30014928
30005373
30015098
30006084
30013689
30005128
30000598
30012121
30016662
30016166
30006003
30002957
30016065
30010724
30015427
30009441
30005414
30008120
30001372
30005895
30009297
30013113
30004575
30008463
31003984
31009738
31006808
31004819
31008726
31009645
31010171
31006046
31000378
31001665
31000704
31008178
31000237
31007904
31003139
31000368
31007735
31004272
31004045
31007621
31003930
31000315
31009249
31008214
31006404
31006189
31004778
31000228
31000323
31000937
31000376
31005639
31005465
31007966
31006386
31002059
32003780
32003874
32003869
32005977
32004027
32007435
32001167
32002278
32001233
32005121
32006096
32004109
32000522
32002048
32000181
32004398
32001168
32004230
32003084
32002141
32005674
32007102
32003239
32005792
32006155
32002203
32002248
32003826
32000212
32007662
32005660
32004509
32007236
32004550
32002949
32001709
32002256
32000195
32005890
32007243
32005304
32003848
33003019
33004521
33000916
33006194
33003678
33004280
33011963
33004586
33004140
33009918
33002877
33008360
33011915
33011005
33011934
33008674
33003701
33004779
33003133
33010022
33004884
33003071
33004434
33004592
33005068
33003049
33003700
33004992
33004328
33003075
33004585
33006185
33003692
33004449
33004447
33003001
33003584
33003147
33007012
33003863
33000889
33011955
33003319
33011368
33004057
33003567
33003010
33003321
33006329
33007125
33002903
33003944
33004316
33003681
33004475
33002380
33002922
33003044
33003264
33002825
33004626
33002345
33004803
33003667
33005019
33003587
33003643
33008902
33004604
33005737
33011386
34010037
34010483
34011362
34007000
34001878
34004916
34006864
34010517
34010891
34015949
34008231
34010480
34007349
34001777
34014316
34005003
34014630
34000530
34012132
34010946
34009797
34010059
34010510
34005096
34016249
34000983
34010247
34000263
34004377
34010226
34014422
34003105
34005978
34010058
34016212
34009941
34012206
34013582
34010856
34006977
34001366
34016005
34010205
34001745
34012085
34008022
34010598
34001801
34001811
34001860
34010238
34010790
34006290
34011803
34000210
34014193
34011922
34010380
34002028
34006739
34014376
34010365
34010085
34002089
34001725
34012422
34006344
34010773
34012256
34007781
34013732
34010593
34004830
34012241
34000823
35001069
35012290
35011502
35012333
35012008
35006712
35005868
35010577
35011824
35010321
35012228
35005609
35008687
35003408
35004747
35005058
35007555
35008280
35005552
35007124
35010753
35006358
35003726
35009955
35002556
35003442
35005854
35007229
35011682
35003899
35011952
35008039
35009416
35006265
35005564
35009796
35000695
35004452
35004377
35004609
35005233
35006980
35012494
35000318
35000729
35003204
35011674
35004450
35011307
35001377
35012382
35007297
35000886
35003996
35001233
35011870
35001005
35003893
35004002
36001770
36001446
36000533
36000692
36001047
36001595
36004302
36001698
36003149
36001695
36001618
36001359
36002288
36000623
36001706
36001137
36000659
36001787
36003050
36001264
36000741
37002912
37014437
37001019
37001695
37000660
37003354
37014248
37002952
37000958
37017131
37000023
37012293
37002647
37000842
37011714
37002490
37013305
37000138
37000874
37013988
37012395
37000378
37003513
37003106
37000940
37003510
37012801
37005187
37017132
37002244
37006722
37001070
37015645
37000160
37010297
37012066
37003081
37017029
37003171
37003382
37003125
37010412
37012361
37016676
37002608
37001445
37012660
37017222
37000530
37012830
37012410
37017555
37002692
37017594
37000850
37002775
37003069
37012175
37003177
37009847
37003509
37000622
38006362
38004319
38011051
38012889
38012644
38009664
38000119
38013216
38005395
38007160
38000080
38005198
38000126
38002506
38013098
38000139
38001197
38002372
38006342
38000987
38003428
38003564
38009979
38002604
38001978
38006510
38000017
38011809
38002857
38011207
38006807
38002959
38011975
38012490
38003647
38005101
38009527
38001493
38006769
38009609
38006997
38000198
38000110
38000140
38012775
38006687
38005487
38005399
38007326
38003369
38000574
38000090
38011606
39008526
39001930
39007686
39006528
39007605
39003241
39007718
39001149
39008079
39000170
39001152
39004099
39005231
39007594
39007698
39007751
39007303
39008105
39001987
39005029
39004874
39006889
39005745
39005535
39007430
39000423
39009851
39005033
39008353
39003035
39007609
39004813
39007694
39001253
39003160
39001846
39002848
39009470
39004998
39007254
39008078
39008101
39003048
40003205
40012100
40010227
40016852
40002831
40015411
40018072
40018953
40011411
40005438
40004352
40018642
40016680
40017434
40017541
40015342
40015822
40011657
40018027
40015404
40010192
40016706
40005583
40011412
40007242
40015573
40006831
40016709
40017519
40018074
40005550
40011863
40002902
40002058
40016135
40011366
40016532
40009273
40014681
40003453
40004281
40005311
40001303
40016073
40001251
40010437
40015445
40001915
40004239
40017511
40000490
40008198
40001943
40018200
40019522
40015299
40004821
40000479
40017486
40008391
40008284
40008742
40016087
40019445
40006729
40017927
40017470
40015931
40017580
40016113
40016175
40012591
40015303
40005580
40012219
40013478
40017463
40016843
40017445
40017531
40017507
40009607
40011085
40014944
40015532
40002020
40002735
40016687
40015487
40017389
40013720
40011373
40017572
40004357
40012481
40018136
40015263
40014665
40015150
40017440
40007913
40015850
40017956
40015467
40020147
40016752
40002156
40004064
40007807
40018198
40011354
40018024
40000239
40014588
40005640
40011392
40007770
41000341
41010078
41006210
41011865
41012038
41008909
41009985
41005159
41000151
41009675
41005804
41001088
41005670
41011910
41006621
41005228
41000298
41005238
41000734
41002535
41008748
41010009
41003148
41011709
41001062
41000433
41006457
41005229
41004212
41006184
41004185
41000516
41003683
41000488
41000344
41010796
41001453
41009952
41006650
41007818
41005421
41009603
41003445
41001413
41005715
41009183
41007337
41000310
41006898
41005672
41008080
41011074
41003998
41010000
41008347
41005697
41009702
41011885
41000489
41009725
41005379
41005708
41010332
41010830
41011916
41005739
41000125
41000167
41006527
41003354
42011572
42012648
42008307
42013931
42009304
42004918
42008295
42000594
42008234
42000233
42005075
42006708
42012915
42007650
42000716
42001189
42001343
42009406
42009458
42009187
42000970
42000636
42009346
42012945
42012481
42009218
42000329
42000542
42009172
42008521
42008308
42013241
42008891
42013949
42000270
42000224
42000172
42004879
42000222
42008568
42008600
42004669
42007420
42009257
42001313
42011605
42007203
42005948
42003756
42004601
42009631
42000771
42004235
42008489
42006764
42008228
42000849
42013505
42003549
42004740
42008223
42012762
42010266
42000679
42008527
42012587
42000015
42004712
42000220
42000271
42000386
42000140
42009400
42008056
43001487
43009708
43002359
43002193
43002678
43009430
43008697
43005743
43001476
43009596
43007033
43002107
43001451
43000630
43006283
43007497
43009455
43009458
43002349
43009391
43000362
43006497
43006545
43006521
43008151
43007126
43007180
43007844
43007644
43001154
43004986
43008186
43007066
43007115
43001604
43001356
43001571
43001387
43002245
43009494
43003206
43001043
43001606
43002967
43007929
43001273
43007017
43007498
43007975
43006893
43007256
43002744
43002322
43004131
43009450
43001326
43001464
43008115
43005463
43006023
43001559
43004748
44007099
44000920
44001866
44007885
44001274
44007046
44000440
44003941
44001172
44003707
44003897
44000596
44005429
44006051
44001845
44000593
44000659
44000061
44000165
44002441
44000939
44001286
44003123
44000416
44002425
44002359
44006422
44006921
44001774
44000665
44000718
44001985
44010172
44001852
44001315
44006147
44001950
44002593
44001232
44009317
44000540
44005482
44000427
44001762
44001965
44010597
44002448
44000492
44001948
44001838
44000606
44001846
44000599
44005300
44002213
44001350
44000740
44001605
44001861
44001894
44002468
44000235
44000601
44001760
44000313
44001798
44008933
44001880
44008301
44001870
45001045
45003108
45000961
45000655
45003019
45000119
45003055
45001008
45001055
45000987
45002839
45000970
45000942
45001742
45000951
45000984
45000799
45000964
45001036
45000884
45000954
45003036
45000630
45002894
45001000
45000837
45001067
45001007
45001002
45000975
45000804
45002087
45000453
45002253
45003756
45002858
45001038
45003042
45001826
45001054
45000250
45000030
45000247
45000625
45001031
45001035
45002183
45000958
45000762
45001482
46003947
46003610
46008132
46000438
46005329
46006685
46000720
46006103
46001449
46001150
46000611
46006377
46007589
46005282
46001862
46006897
46004180
46005216
46005415
46004795
46000711
46004731
46002904
46005028
47001087
47006326
47001132
47001708
47007791
47002893
47005855
47009871
47001634
47003999
47001855
47003315
47002750
47001841
47007717
47001579
47009180
47001881
47001776
47005701
47007157
47001465
47007047
47007611
47000217
47006311
47008290
47002031
47009239
47004195
47001731
47005320
47008400
47000046
47007268
47010268
47008952
47002744
47002799
47003593
47001796
47004210
47003108
47001671
47010898
47005715
47005820
47001891
47010166
47000259
47001588
47010379
47010400
47001027
47008523
47005651
47003339
47009896
47001022
47004292
47003217
47003687
47004265
47006091
47006390
47007364
47005369
47000316
47005534
47007617
47010221
48009479
48002609
48004818
48017125
48021395
48023323
48012591
48001256
48017953
48000947
48002621
48006340
48005726
48001052
48012767
48002949
48012422
48012769
48012429
48027648
48004896
48005584
48012308
48002827
48004822
48005627
48000416
48004502
48003190
48005599
48007554
48000814
48012441
48018019
48009633
48007388
48009363
48012601
48006182
48011464
48000409
48017733
48002509
48003719
48003742
48005722
48023476
48005582
48023562
48002528
48016617
48005075
48027315
48020672
48000597
48012567
48007975
48002170
48003304
48005629
48003125
48011619
48026714
48000089
48005526
48012373
48021435
48021411
48007527
48002651
48026031
48002890
48011524
48005822
48023297
48005708
48021011
48005718
48018283
48002753
48007529
48007569
48005806
48007568
48005786
48007746
48024808
48001282
48004299
48014840
48026501
48002928
48011983
48023324
48003107
48003469
48002015
48012531
48023419
48006881
48023834
48000613
48002926
48027272
48005020
48007831
48017650
48007509
48003139
48012407
48017901
48002003
48012332
48017622
48009435
48011984
48009871
48019635
48014554
48005829
48010863
49013385
49009765
49006890
49002230
49004096
49003767
49005910
49003858
49012878
49001296
49004057
49006662
49004184
49000769
49006808
49000833
49007298
49012745
49013239
49000754
49009781
49012749
49001646
49009232
49000812
49002233
49008004
49004694
49013358
49006849
49009319
49001251
49002187
49002437
49003949
49003911
50007156
50001781
50002079
50005766
50009468
50002688
50002481
50006625
50000838
50011799
50005543
50005333
50011407
50005573
50005401
50000777
50007498
50011074
50006374
50005631
50005329
50005776
50011648
50004147
50006771
50004483
50008272
50008065
50006531
50008159
50005354
50005327
50005381
50005529
50009505
50005534
50005664
50005186
50006546
50012310
50011492
50005219
50004660
50006768
50008215
50002596
50003350
50004398
51001357
51007167
51011363
51014272
51006897
51007310
51001295
51007208
51001159
51014390
51000684
51009217
51005888
51009292
51008908
51009067
51008851
51011439
51005084
51007239
51001721
51008598
51000985
51014348
51002658
51000470
51001893
51009142
51009167
51004508
51004114
51003044
51000881
51007783
51001642
51003017
51006725
51012819
51007750
51009006
51001411
51014418
51006981
51014040
51004733
51005539
51006379
51001462
51006755
51004055
51011196
51001194
51003121
51011090
51008053
51011375
52003415
52000645
52005322
52005976
52002356
52002611
52003464
52003730
52004186
52002749
52004780
52003085
52000030
52003035
52000770
52009893
52010116
52006390
52006096
52008331
52003418
52003330
52003346
52010331
52006229
52003624
52000523
52003474
52004447
52008153
52002389
52003231
52003442
52003525
52003055
52001060
52009764
52003034
52003509
52003529
52001563
52003517
52007089
52011013
52003116
52004021
52006409
52000871
52003146
52000567
52004125
52003480
52008152
52010418
52002884
52003523
52008470
52003394
52003528
53008218
53008552
53010521
53008591
53001344
53008534
53012177
53008167
53008450
53001653
53009988
53002402
53012732
53002934
53008720
53012586
53000488
53005893
53008727
53001257
53013431
53006845
53004837
53008498
53001981
53004672
53006596
53008669
53004321
53012627
53007976
53008752
53008126
53004865
53007964
53008049
53001176
53002520
53006511
53003608
53008161
53008649
54000524
54007644
54000459
54011462
54001793
54010354
54008667
54008800
54002193
54008258
54009326
54003507
54003998
54000107
54009333
54008684
54010151
54008603
54004972
54002608
54002575
54005410
54004100
54001174
54008530
54003526
54007985
54007832
54008212
54008083
54005753
54002010
54011989
54009255
54000106
54002441
54004387
54008618
54008086
54008601
54004158
54008156
54005765
54007578
54010896
54006196
54007514
54008196
54006080
54008408
55004861
55009315
55008183
55005214
55006803
55006842
55005780
55006027
55005919
55010300
55006287
55005931
55007131
55006652
55006169
55006412
55006778
55005934
55005285
55005828
55006984
55007053
55008531
55006755
56006562
56003333
56005978
56009813
56009821
56009901
56002142
56008978
56001557
56011199
56009867
56001116
56006547
56010121
56009892
56009982
56009965
56001295
56003111
56001207
56000800
56005920
56011216
56001208
56011053
56003754
56010004
57002152
57005861
57005185
57009846
57009401
57002240
57000227
57008434
57001850
57001879
57004560
57000683
57002956
57005959
57004371
57003175
57001910
57002427
57005940
57008396
57002587
57003220
57002758
57005923
57005118
57010092
57003791
57006088
57008146
57001150
57009325
57010159
57002239
57008148
57005911
57000195
57005908
58002381
58004859
58001683
58000905
58002290
58001703
58005554
58002905
58005300
58002214
58000226
58002117
58002334
58002519
58001962
58007255
58002092
58001930
58002410
58002561
58007187
58001960
58001723
58002109
58002397
58001730
58002538
58002215
58001809
58004368
58004128
58004233
60003964
60001017
60000941
60000936
60005030
60002788
61000387
61005549
61000501
61005733
61009172
61000394
61000365
61001082
61002708
61004682
61007067
61001694
61000519
61006060
61002907
61003039
61002962
61000474
61008585
61003443
61003981
61002066
61002258
61000322
61006677
61004782
61002851
61008266
61002812
61000525
61003076
61005272
61000435
61000520
61001917
61002872
61007728
61003424
61006188
61000967
61002918
61008942
61002762
61002927
61005568
61002755
61002577
61002850
61003001
61000404
61003040
61000433
61000498
61008876
61000038
61002677
61000345
62003473
62001737
62000481
62001479
62001169
62004032
62001336
62003984
62001270
62001828
62002369
62001766
62001617
62001689
62001540
62001498
62001196
62003055
62001518
62001401
62000428
62003779
62000632
62001184
62001553
62001398
62001794
62001607
62004978
62000040
62001244
62001278
64004389
64004215
64005546
64004439
64000148
64000853
64003409
64002187
64005730
64000182
64003509
64004438
64005514
64004330
64004471
64000105
64003898
64002271
64003770
64002723
64001967
64005252
64002238
64003414
64003619
64002063
64003562
64003961
64005472
64003639
64003221
64003895
64005496
64003649
64003757
